33333333333333333333333333333333
      3 3   3       3         33
3 32333 3 333 3 3333333 3 333 33
3 3   3     3 3 3     3 3   3 33
3 3 3 33333 3 333 33333 33333 33
3   2           3 3 3   3   3 33
3333333233333 333 3 3 3 3 3 3 33
3     3               3   3 3 33
3 3 3 33333 3 3 33333333333 3333
3 3 3 3     3 3         3 3   33
3 3 3333333 3 3 333333333 333 33
3 3     3   3 3 3 3   3 3     33
3 3 333 333 3 333 3 333 3 333333
3 3 3   3 3 3 3         3     33
3 333 333 3 3 3333333 3333333 33
3 3 3 3     2   3         3   33
3 3 3 333333333 3333333 333 3333
3   3       3     3       3 3 33
33333 3 3 3 33333 33333 33333 33
3 3   3 3 3 3   3         3   33
3 333333333 3 3 33333 3333333 33
3   3     3 3 3 3       3   3 33
3 333 3 333 3 33333 333 3 333 33
3 3   3     3   3   3 3     3 33
3 33333 333 333 33333 3 3 333 33
3   3 3   3   3 3     3 3     33
3 333 3333333 3 3 3 333 333 3333
3   3 3 3     3   3 3 3 3 3   33
333 3 3 3 3 3 333 333 3 3 333 33
3         3 3             2   4s
33333333333333333333333333333333
33333333333333333333333333333333
